Mass
1.
Vertices
0.085065080835204 0. 0.4654876873532654
0.02628655560595668 0.08090169943749476 0.4654876873532654
-0.06881909602355868 0.05 0.4654876873532654
-0.06881909602355868 -0.05 0.4654876873532654
0.02628655560595668 -0.08090169943749474 0.4654876873532654
0.19641671727636467 -0.08090169943749474 0.3603414649294387
0.23894925769396666 -0.05 0.2752763840942347
0.23894925769396666 0.05 0.2752763840942347
0.19641671727636467 0.08090169943749476 0.3603414649294387
0.17013016167040798 0. 0.4129145761413521
0.05257311121191336 0.1618033988749895 0.4129145761413521
0.13763819204711736 0.1618033988749895 0.3603414649294387
0.12139220723547205 0.2118033988749895 0.2752763840942347
0.02628655560595668 0.24270509831248424 0.2752763840942347
-0.01624598481164532 0.2118033988749895 0.3603414649294387
-0.13763819204711736 0.1 0.4129145761413521
-0.11135163644116067 0.18090169943749476 0.3603414649294387
-0.16392474765307405 0.18090169943749476 0.2752763840942347
-0.22270327288232133 0.1 0.2752763840942347
-0.20645728807067606 0.05 0.3603414649294387
-0.13763819204711736 -0.1 0.4129145761413521
-0.20645728807067606 -0.05 0.3603414649294387
-0.22270327288232133 -0.1 0.2752763840942347
-0.16392474765307405 -0.18090169943749476 0.2752763840942347
-0.11135163644116067 -0.18090169943749476 0.3603414649294387
-0.01624598481164532 -0.2118033988749895 0.3603414649294387
0.02628655560595668 -0.24270509831248424 0.2752763840942347
0.12139220723547205 -0.2118033988749895 0.2752763840942347
0.13763819204711736 -0.16180339887498948 0.3603414649294387
0.05257311121191336 -0.16180339887498948 0.4129145761413521
0.20645728807067606 0.05 0.10514622242382668
0.13763819204711736 0.1 0.052573111211913326
0.11135163644116067 0.18090169943749476 0.10514622242382668
0.16392474765307405 0.18090169943749476 0.19021130325903068
0.22270327288232133 0.1 0.19021130325903068
0.01624598481164532 0.2118033988749895 0.10514622242382668
-0.05257311121191336 0.1618033988749895 0.052573111211913326
-0.13763819204711736 0.1618033988749895 0.10514622242382668
-0.12139220723547205 0.2118033988749895 0.19021130325903068
-0.02628655560595668 0.24270509831248424 0.19021130325903068
-0.19641671727636467 0.08090169943749476 0.10514622242382668
-0.17013016167040798 0. 0.052573111211913326
-0.19641671727636467 -0.08090169943749474 0.10514622242382668
-0.23894925769396666 -0.05 0.19021130325903068
-0.23894925769396666 0.05 0.19021130325903068
-0.13763819204711736 -0.16180339887498948 0.10514622242382668
-0.05257311121191336 -0.16180339887498948 0.052573111211913326
0.01624598481164532 -0.2118033988749895 0.10514622242382668
-0.02628655560595668 -0.24270509831248424 0.19021130325903068
-0.12139220723547205 -0.2118033988749895 0.19021130325903068
0.22270327288232133 -0.1 0.19021130325903068
0.16392474765307405 -0.18090169943749476 0.19021130325903068
0.11135163644116067 -0.18090169943749476 0.10514622242382668
0.13763819204711736 -0.1 0.052573111211913326
0.20645728807067606 -0.05 0.10514622242382668
0.06881909602355868 -0.05 0.
-0.02628655560595668 -0.08090169943749474 0.
-0.085065080835204 0. 0.
-0.02628655560595668 0.08090169943749476 0.
0.06881909602355868 0.05 0.
Tetrahedra
1 4 5 1
6 9 10 6
11 14 15 11
16 19 20 16
21 24 25 21
26 29 30 26
31 34 35 31
36 39 40 36
41 44 45 41
46 49 50 46
51 54 55 51
56 59 60 56
5 10 1 5
1 11 2 1
2 16 3 2
3 21 4 3
4 30 5 4
56 47 57 56
57 42 58 57
58 37 59 58
59 32 60 59
60 54 56 60
8 12 9 8
13 40 14 13
14 17 15 14
18 45 19 18
19 22 20 19
23 50 24 23
24 26 25 24
27 52 28 27
28 6 29 28
7 35 8 7
3 1 2 3
4 1 3 4
8 6 7 8
9 6 8 9
13 11 12 13
14 11 13 14
18 16 17 18
19 16 18 19
23 21 22 23
24 21 23 24
28 26 27 28
29 26 28 29
33 31 32 33
34 31 33 34
38 36 37 38
39 36 38 39
43 41 42 43
44 41 43 44
48 46 47 48
49 46 48 49
53 51 52 53
54 51 53 54
58 56 57 58
59 56 58 59
29 5 30 29
6 5 29 6
10 5 6 10
9 1 10 9
12 1 9 12
11 1 12 11
15 2 11 15
17 2 15 17
16 2 17 16
20 3 16 20
22 3 20 22
21 3 22 21
25 4 21 25
26 4 25 26
30 4 26 30
53 56 54 53
48 56 53 48
47 56 48 47
46 57 47 46
43 57 46 43
42 57 43 42
41 58 42 41
38 58 41 38
37 58 38 37
36 59 37 36
33 59 36 33
32 59 33 32
31 60 32 31
55 60 31 55
54 60 55 54
34 8 35 34
13 8 34 13
12 8 13 12
33 13 34 33
36 13 33 36
40 13 36 40
39 14 40 39
18 14 39 18
17 14 18 17
38 18 39 38
41 18 38 41
45 18 41 45
44 19 45 44
23 19 44 23
22 19 23 22
43 23 44 43
46 23 43 46
50 23 46 50
49 24 50 49
27 24 49 27
26 24 27 26
48 27 49 48
53 27 48 53
52 27 53 52
51 28 52 51
7 28 51 7
6 28 7 6
55 7 51 55
31 7 55 31
35 7 31 35
End