Mass
1.
Vertices
0.085065080835204 0. 0.4654876873532654
0.02628655560595668 0.08090169943749476 0.4654876873532654
-0.06881909602355868 0.05 0.4654876873532654
-0.06881909602355868 -0.05 0.4654876873532654
0.02628655560595668 -0.08090169943749474 0.4654876873532654
0.19641671727636467 -0.08090169943749474 0.3603414649294387
0.23894925769396666 -0.05 0.2752763840942347
0.23894925769396666 0.05 0.2752763840942347
0.19641671727636467 0.08090169943749476 0.3603414649294387
0.17013016167040798 0. 0.4129145761413521
0.05257311121191336 0.1618033988749895 0.4129145761413521
0.13763819204711736 0.1618033988749895 0.3603414649294387
0.12139220723547205 0.2118033988749895 0.2752763840942347
0.02628655560595668 0.24270509831248424 0.2752763840942347
-0.01624598481164532 0.2118033988749895 0.3603414649294387
-0.13763819204711736 0.1 0.4129145761413521
-0.11135163644116067 0.18090169943749476 0.3603414649294387
-0.16392474765307405 0.18090169943749476 0.2752763840942347
-0.22270327288232133 0.1 0.2752763840942347
-0.20645728807067606 0.05 0.3603414649294387
-0.13763819204711736 -0.1 0.4129145761413521
-0.20645728807067606 -0.05 0.3603414649294387
-0.22270327288232133 -0.1 0.2752763840942347
-0.16392474765307405 -0.18090169943749476 0.2752763840942347
-0.11135163644116067 -0.18090169943749476 0.3603414649294387
-0.01624598481164532 -0.2118033988749895 0.3603414649294387
0.02628655560595668 -0.24270509831248424 0.2752763840942347
0.12139220723547205 -0.2118033988749895 0.2752763840942347
0.13763819204711736 -0.16180339887498948 0.3603414649294387
0.05257311121191336 -0.16180339887498948 0.4129145761413521
0.20645728807067606 0.05 0.10514622242382668
0.13763819204711736 0.1 0.052573111211913326
0.11135163644116067 0.18090169943749476 0.10514622242382668
0.16392474765307405 0.18090169943749476 0.19021130325903068
0.22270327288232133 0.1 0.19021130325903068
0.01624598481164532 0.2118033988749895 0.10514622242382668
-0.05257311121191336 0.1618033988749895 0.052573111211913326
-0.13763819204711736 0.1618033988749895 0.10514622242382668
-0.12139220723547205 0.2118033988749895 0.19021130325903068
-0.02628655560595668 0.24270509831248424 0.19021130325903068
-0.19641671727636467 0.08090169943749476 0.10514622242382668
-0.17013016167040798 0. 0.052573111211913326
-0.19641671727636467 -0.08090169943749474 0.10514622242382668
-0.23894925769396666 -0.05 0.19021130325903068
-0.23894925769396666 0.05 0.19021130325903068
-0.13763819204711736 -0.16180339887498948 0.10514622242382668
-0.05257311121191336 -0.16180339887498948 0.052573111211913326
0.01624598481164532 -0.2118033988749895 0.10514622242382668
-0.02628655560595668 -0.24270509831248424 0.19021130325903068
-0.12139220723547205 -0.2118033988749895 0.19021130325903068
0.22270327288232133 -0.1 0.19021130325903068
0.16392474765307405 -0.18090169943749476 0.19021130325903068
0.11135163644116067 -0.18090169943749476 0.10514622242382668
0.13763819204711736 -0.1 0.052573111211913326
0.20645728807067606 -0.05 0.10514622242382668
0.06881909602355868 -0.05 0.
-0.02628655560595668 -0.08090169943749474 0.
-0.085065080835204 0. 0.
-0.02628655560595668 0.08090169943749476 0.
0.06881909602355868 0.05 0.
0 0 0.2327438436766327
Tetrahedra
1 4 5 61
6 9 10 61
11 14 15 61
16 19 20 61
21 24 25 61
26 29 30 61
31 34 35 61
36 39 40 61
41 44 45 61
46 49 50 61
51 54 55 61
56 59 60 61
5 10 1 61
1 11 2 61
2 16 3 61
3 21 4 61
4 30 5 61
56 47 57 61
57 42 58 61
58 37 59 61
59 32 60 61
60 54 56 61
8 12 9 61
13 40 14 61
14 17 15 61
18 45 19 61
19 22 20 61
23 50 24 61
24 26 25 61
27 52 28 61
28 6 29 61
7 35 8 61
3 1 2 61
4 1 3 61
8 6 7 61
9 6 8 61
13 11 12 61
14 11 13 61
18 16 17 61
19 16 18 61
23 21 22 61
24 21 23 61
28 26 27 61
29 26 28 61
33 31 32 61
34 31 33 61
38 36 37 61
39 36 38 61
43 41 42 61
44 41 43 61
48 46 47 61
49 46 48 61
53 51 52 61
54 51 53 61
58 56 57 61
59 56 58 61
29 5 30 61
6 5 29 61
10 5 6 61
9 1 10 61
12 1 9 61
11 1 12 61
15 2 11 61
17 2 15 61
16 2 17 61
20 3 16 61
22 3 20 61
21 3 22 61
25 4 21 61
26 4 25 61
30 4 26 61
53 56 54 61
48 56 53 61
47 56 48 61
46 57 47 61
43 57 46 61
42 57 43 61
41 58 42 61
38 58 41 61
37 58 38 61
36 59 37 61
33 59 36 61
32 59 33 61
31 60 32 61
55 60 31 61
54 60 55 61
34 8 35 61
13 8 34 61
12 8 13 61
33 13 34 61
36 13 33 61
40 13 36 61
39 14 40 61
18 14 39 61
17 14 18 61
38 18 39 61
41 18 38 61
45 18 41 61
44 19 45 61
23 19 44 61
22 19 23 61
43 23 44 61
46 23 43 61
50 23 46 61
49 24 50 61
27 24 49 61
26 24 27 61
48 27 49 61
53 27 48 61
52 27 53 61
51 28 52 61
7 28 51 61
6 28 7 61
55 7 51 61
31 7 55 61
35 7 31 61
End